0.0
0.0
0.0
0.0
0.0
0.0
0.0
0.0
-8.129431191662649
-7.217192017817279
-0.862640949151601
0.0
0.0
0.0
0.0
-5.99695515915944
0.0
0.0
0.0
0.0
0.0
2.9636648261557816
0.0
0.0
0.0
0.0
0.2407806312137111
13.177932712704996
0.0
0.0
0.0
0.0
0.0
0.0
0.0
0.0
0.0
0.0
0.0
-5.334947732962249
0.0
0.0
4.079970683222309
0.0
0.0
0.0
0.0
0.0
0.0
0.0
0.0
0.0
1.0220170043058812
0.0
0.0
0.0
0.0
0.0
0.0
0.0
0.0
0.0
-1.5924462389892629
-4.466967360641572
0.0
0.0
-3.548724254310992
0.0
-0.46726087693941004
0.0
0.0
0.0
0.0
1.5511508951264519
0.0
0.0
0.0
0.0
0.0
0.0
1.1261881415926096
0.0
0.0
-16.727022083085885
0.0
0.0
0.0
0.0
1.8488418531269786
0.0
0.0
0.0
0.0
0.0
0.0
0.0
0.0
0.0
0.0
0.0
0.0
3.159871310689377
0.0
0.0
0.0
0.0
0.0
0.0
22.599116223564973
0.0
0.0
0.0
0.0
0.0
0.0
0.0
-20.305157164634757
0.0
0.0
0.18216561235163725
0.0
0.0
0.0
0.0
0.0
0.0
0.0
0.0
