0.0
-5.557117100963733
0.0
0.0
0.0
0.0
10.400213445247132
8.623107107035766
13.15263589079618
0.0
0.0
0.0
0.0
0.0
0.0
0.0
-4.7140696731503695
0.0
0.0
0.0
0.0
0.0
5.7437717424685735
0.0
0.0
-1.5826967004490307
5.818072778755172
0.0
-0.3863211773487368
0.0
0.0
0.0
0.0
0.0
0.7212627020425687
-2.054390430659596
0.0
0.0
0.0
0.0
13.468326363479346
2.185571760733574
-8.753490617686325
0.0
0.0
4.299225125661821
0.0
0.0
0.0
0.0
0.0
0.0
0.0
0.0
0.0
0.0
0.0
0.0
0.0
0.0
16.122309275124362
0.0
0.0
0.32129954052391585
0.0
0.0
5.309171896785136
5.233489987326971
0.0
0.0
0.0
0.0
0.0
-0.17124087366003127
0.0
0.6756225567602857
0.0
0.0
0.0
0.0
0.0
0.0
0.0
15.293544715987538
0.0
0.0
0.0
0.0
0.0
0.0
0.0
0.0
0.0
-7.527965349032425
0.0
0.0
0.0
0.0
7.579733013478172
-5.017901323180178
0.0
3.9453063971878986
0.0
-11.049211301106519
0.0
0.0
2.4539493411322586
0.0
0.0
0.0
0.0
0.0
2.700957069694963
-5.0994130239968545
0.0
0.0
0.0
0.0
0.0
0.0
4.073737924583063
0.0
0.0
0.027650995703381455
0.0
-0.059152195012447915
0.0
-4.07263609143743
