0.0
0.0
-1.5905859468804278
0.0
0.0
0.0
0.0
0.0
-0.22993464517203743
0.0
0.0
0.0
0.0
0.0
0.0
0.0
0.0
0.0
0.0
0.0
0.0
0.0
-3.4264284825622413
0.0
0.0
0.0
3.0904835779667335
0.0
0.0
-46.276855461824624
0.0
0.0
-6.679581641781614
0.0
0.0
3.412987589008831
0.0
0.0
0.683371989906548
0.0
0.0
0.0
0.0
0.0
0.0
0.0
0.0
0.0
0.0
0.0
0.0
0.0
13.756817335791109
0.0
0.0
0.0
0.0
-5.818855817972018
-0.775181306217888
0.0
0.0
-2.560449798558925
0.0
0.8087183984793578
7.195902098893459
0.139946523387793
0.0
0.0
0.0
0.0
-6.91269810437751
0.0
0.0
0.0
0.0
1.6730698862721933
-24.446936758756188
0.0
0.0
0.0
0.0
-5.99281492641515
-12.467264164282174
0.0
0.0
0.0
0.0
0.0
-0.9694965719482538
-14.984805113171921
0.0
0.0
0.0
0.0
0.0
26.09171268228651
0.0
7.279273405407202
0.0
-1.571667684841423
-2.4542898825311834
-0.9888093855960746
0.0
0.0
3.993872820513078
0.0
0.0
0.0
0.0
-4.183320459186335
10.071607754984411
-4.052491202480091
-2.677147389284558
0.0
-6.327487050604101
0.0
1.0159350936784735
0.0
3.7711440175997732
0.0
0.0
0.0
0.0
0.0
0.0
0.0
0.0
8.973516887382733
