0.0
0.0
-2.968967623602013
1.0716307812812325
0.0
0.0
0.0
-0.9413258691160382
0.0
-0.02799164467333984
1.9712051432644135
-5.093867426160965
-0.4489960136065837
0.0
0.0
0.0
0.0
0.0
0.0
-1.3810469211238772
0.0
0.0
5.895338275224801
0.0
-0.009482610965772936
0.0
0.0
0.0
-1.8682634441562902
0.0
0.0
0.0
3.9801699693953028
0.0
0.6712376856161832
0.0
0.0
0.0
0.0
0.0
0.0
-2.2741842424560095
0.0
0.0
0.0
0.0
0.7281810806008252
0.0
2.977752913709066
0.0
4.278952561143818
1.4072650665214803
0.0
0.0
0.0
-4.8791251586965645
0.0
0.0
0.0
9.658343548478355
0.0
4.6496087915550435
0.0
0.0
0.0
0.0
0.0
-2.12219216765555
0.0
0.0
0.0
-4.6263261658823795
0.0
2.690629688086583
-1.350053903632714
0.6111806718522113
0.0
0.0
0.0
0.0
4.741389675298291
6.8691075092009175
0.0
0.9477279059326222
0.0
2.3549443685919194
0.0
0.6490185891116604
0.0
0.0
3.113812032951356
0.0
0.0
0.0
0.0
0.0
0.0
0.0
0.0
0.0
0.0
0.0
0.0
0.0
0.0
11.243983489886043
-0.6106920346443795
0.0
0.0
0.0
-0.3825958990873949
0.0
0.0
0.0
-0.0857612602040673
0.0
0.0
0.0
0.43461794599613457
0.7772026895544286
2.883922773051887
3.890436208634145
0.0
0.0
0.0
0.0
0.0
0.6677837093068749
