-20.243173280228692
0.0
0.0
-9.07143018563667
0.0
0.0
0.0
3.833474353393582
0.0
0.0
2.8354965613007166
0.0
0.0
0.0
0.0
0.0
0.0
0.0
0.0
0.0
0.0
0.0
0.0
0.0
0.0
0.20076909922865965
-14.735774502822522
-17.763037080956938
7.582668773873661
0.0
0.0
0.0
0.0
25.919137600568988
3.9735980821724373
1.0783448048522994
0.0
0.0
0.0
8.677432995267452
0.0
0.0
0.0
0.0
-4.501933431171334
8.12892279779367
-4.824602707402512
3.2484930110533994
0.0
0.0
0.06406518178939441
14.922589809855825
4.568770852703522
0.0
11.63220837131024
-5.460778983565021
0.0
0.0
0.0
0.0
0.0
0.0
4.588997903355633
-5.276934015390069
-5.037653336758835
-6.999274788840279
0.0
0.0
0.0
2.9257618911591603
0.0
0.0
14.549758539508664
-16.08922230014512
0.0
0.0
-7.445610244276165
0.0
0.0
0.0
-7.892802113381291
0.0
0.0
0.0
0.0
0.0
-0.04212634226230812
0.0
-7.420630243965134
0.0
-22.350009550561904
0.0
0.0
0.0
-7.166059296182929
0.0
4.976890264117687
0.0
6.32800074662235
11.563715173692385
-10.526842566848329
0.0
-0.03847391121767207
0.0
0.0
0.0
-0.5799212645466291
-5.317987381699396
0.0
0.0
0.0
-15.711788996739394
0.0
0.0
0.0
0.0
0.0
0.157469581625058
0.0
0.0
-12.020310495926363
0.0
0.0
0.0
0.0
0.0
0.0
0.0
