0.0
0.0
0.0
0.0
0.0
0.0
0.0
0.0
0.0
0.0
0.0
0.0
0.0
0.0
0.0
0.0
0.0
0.0
0.0
0.5435217399560484
0.0
0.0
-6.512794748097818
0.0
0.0
0.0
0.0
0.0
0.0
0.0
0.0
0.0
0.0
-13.94785470165286
0.0
0.0
0.0
0.0
0.0
0.0
0.0
0.0
0.0
0.0
0.0
0.0
0.0
0.0
0.0
0.0
0.0
0.0
0.0
-2.35550927592715
0.0
0.0
0.0
0.0
0.0
0.0
0.0
0.0
0.0
2.817023857865171
0.0
-0.4487803883712545
0.0
0.0
0.0
0.0
0.0
0.0
0.0
0.0
0.0
0.0
0.0
0.0
0.0
0.0
0.0
0.0
0.0
0.0
0.0
0.0
17.577408856177584
0.0
0.0
0.0
-15.340238932371815
0.0
0.0
0.0
0.0
0.0
0.0
0.0
-2.4750391141781507
0.0
0.0
0.0
0.0
0.0
0.0
13.722718010884176
0.0
0.0
-1.14350502401907
0.0
4.27581074416973
0.0
0.0
0.0
0.0
0.0
0.0
0.0
0.0
0.0
0.0
0.0
0.0
8.009329479005679
1.7962618123102125
0.0
0.0
0.4091436290834222
