0.0
0.0
0.0
0.0
0.0
0.0
0.0
0.0
-10.03635632028344
-10.345380085478904
0.0
0.0
0.0
0.0
0.0
-6.079602346727168
0.0
0.0
0.0
0.0
0.0
4.63532853194842
0.0
-4.022304805237204
0.0
0.0
7.145473117483298
7.133584998273311
0.0
0.0
0.0
0.0
1.9363910695862898
0.0
-2.3617821828322105
0.0
0.0
0.0
1.2900165846688465
-5.670654086440219
-3.067502619496603
0.0
4.242776367458463
0.0
0.0
0.0
0.0
0.0
0.0
0.0
0.0
0.0
5.534504048177619
0.0
0.0
0.0
1.4264177123499207
0.0
0.0
0.0
0.0
0.0
-5.34156325863193
0.0
0.0
4.702420367507356
-7.6160952845715295
0.0
-2.0554428442682195
0.0
0.0
0.6545726383938751
0.0
1.6213723143486278
2.639185483265643
0.0
0.0
-7.6419219670625615
-1.3233524499450513
0.0
4.267512388630672
0.0
0.0
-12.093347393220634
0.0
0.0
5.342348099411178
0.0
4.093259247259278
7.233087184445497
0.0
0.0
0.0
0.0
-5.41986127180134
0.0
3.4873253479698376
-0.060189736673820715
0.0
0.0
0.0
2.6190510591850034
0.0
-5.443191857116718
0.0
0.0
0.0
0.0
32.74684271473841
0.0
0.0
0.0
-1.8243624663486082
0.0
0.0
0.0
-26.72367436072066
0.0
-6.958516739976894
0.0
0.0
0.0
0.0
0.0
0.0
0.0
0.0
0.0
